75,,,,,,,,,,,,,,
170 (95),139 (64),,,,,,,,,,,,,
187(17),217(47),221(82),,,,,,,,,,,,
205(18),252(35),308(87),231(10),,,,,,,,,,,
225(20),256(4),390(82),355(47),296(65),,,,,,,,,,
244(19),257(1),413(23),465(75),358(3),330(34),,,,,,,,,
332(88),259 (2),490(77),538(73),476(7),421(63),397(67),,,,,,,,
431(99),397(65),494(4),566(28),544(6),492(16),491(70),489(92),,,,,,,
472(41),472(41),520(26),622(56),649(83),584(40),572(80),561(70),522(33),,,,,,
513(41),520(48),592(72),655(33),696(47),681(32),623(37),588(16),655(94),551(29),,,,,
566(53),591(71),636(44),720(65),721(25),739(43),772(91),675(52),752(97),51,14,,,,
70,11,33,28,77,73,17,78,39,68,17,57,,,
91,71,52,38,17,14,91,43,58,50,27,29,48,,
63,66,4,68,89,53,67,30,73,16,69,87,40,31,
4,62,98,27,23,9,70,98,73,93,38,53,60,4,23
